13 1111: 1111.11.

dangers. and 1111111111111 111' 1111111-1111111111, i1 111 11111; 11111-111r 111111111 {11'
11111111111111 11111111111111.

11111111111111": 111111111111 11111 1111111111 1111111111111 111111 1111211111111 111 11111111111
1.11 111111111 11111 11111111 111111 1111111 1111111 11111 1.11111, 111111 111111141111111111111
1111111111111 1111111111 1111111111 11111: 11111-11 111.111 1111 111112111. 21111 11111111 11111.1 11111:
1111 111111111 111' 1.1111111 1111111 111111111: [1111 11111121 11.111111111111111 1111 111111111 11 1111111111111 ;
1111 1111 11111111111“, 11 111-n'1n 1111;, 111111111, 111 11 1.111111] 1111111111111. 1111111111
111: 1111:1111, 1111 11111 1111111in111'. 1111 11111111111, 11nd 111111 1111111111: 1111111111“.
11111-11 11111111111111 111.111in1-11 11111 1111111, 11 i1. 11111n1-111n1111 11111- 1111111. T1111
1111111 1111111 11111111 11111 1111111 111 11111111r 11111 1.1 111111111,1 11111 111113 111
11111111, 11111 1111111111111 111 11111 11111;.1' T11111l111, 11nd 11111111 11111111, 1111111
111111111111n 11 P111111; 111111, 1111 11 1111. any [111111111 111-11111111111111 111 11111111-1111
111111111111 11111 11111113; 111111 11,1111 1111 1111111 111111111. 1111 111111111 1111: 1111111111111,
1111111111 111111'1n11: 111 11111111 111111111, 111 11 1111111111 1.1111111111111111]. lIDqulil‘ﬂEE
11111111 11111 1111 111111111, 1111 111111 11111 11111;: 1111111},r 111111111 1111 1.1111 511111111113
1111111 11111111111111.

1111111111.: in 1111i11g 111111 111111111111: m1111, 1111 1111111111, 1111 1111111111131 111111111111 ;
11111 rngnlnr 1111111111 1111111111 in 11111111 111111 11n 111111111 11111 11111111111111.1111 1111
111111 11 1111111111111. 13111111111, 1111111111111 111 11111 rPurl-111111111111111111, 111 11111111
1111111 1111 111111111, 11nd 111111 11111111111111. 111111111311 11111 I111 111111 11111111111111 111111
111 111111 1111111. 1"11ur 1111111111 11 11111 11111 151111 1111 111111111 11111 1111111111111, 1111.,
11111111111111, 111111111, 111111111, 111111 11.11.

111111111 1111111111111 1nn111. 1111 11111111 11111111 1111111 1111.11 1111111 11111111111111, 11.1111
11111 111 1111 1111111111111 111 11111 11111111 1111,1111 1111. 11111131 11111111 1111111111 1111111111111
11111111 1111111 1111111111111111111—1 111 111i1 1111111111. 1111111111 111’ in111111111g 11111
11111111 in 111111.11113' 11111 “1111.,” 1111111111111 1111 111111111 111111111 111 11n1111111
1111:1111n 11111111111,r 11111111 11111111 111111111 11111 1111111, 11111. T111 1111 1111111 111
111111. 11111111 111111 11111 1111111 1.11 1111111 31111111111111 111 1111 1nd 111' 11111111.

11111111 1111 [111111. 111' 11111111111 R11ii1111g111 1111111 111 '1‘1i11111', 1111111111, 1111111111,
151111111111, 111111111111. 11111 11111111111111, 1111111 1111111111 11111111 11111111 11. 1111111111111
111111111111111111111111 111111 1111111. Th1 111111111111111 111111 1311111111] 111111111111
11111 Hrindisi 1111111 1111111111111 111111111111 1111111111111 1111' 11111111111111 T1111
1111111911 1111111 11111111111111 1.11 11111111111111. 1111111111 11111111 1111111. T1111 11111111
111’ 111111-111g11 111 £11 1111111111g 1111111 U1111 111111 :11: 111111111g 3111111111 13111111.
T1111 1111111 [11111111111191 11111111111111. 11.11.11 111111 11 1111111111111 1111 111111 [1111111311
111111 1111111111 11 in1111, 11111111111111, 11.1111 131111111, 11111 111111111 1311111311111 111111].r
Enn1111_1 1111,7111, 11111111111 11 111111. 1111i11 I111 F1311111111111}.r 11111111111. F1111,
1111111 111111111 13.111, 1111111111111 1111111111 -131. r11'1111 111111111111 Linjﬂa 31111111111111
11.111111 I1"11'1111111 1111 11111111.}r 11.1 11111111, 1111121111111 1111 111111111111 Innrning, 11.1111111g
11 1111111111111111 1111 “51116111111111r 111111111111“. B11111 1111111 11111111 11.111 11111-

1111: 1111.11. 1111

1111111111 111111111 1111 1111111 11111111111111 11111111 111111 11111 11111111111111 11111-111111
1111111111111111111111‘1 1.11113,“ 111111111.

T1111 1111111111111 111' 1111; 1111111111111111111 "111111111111 11111.1 111111-111-ii11-11 1111'
11111111111111 111111 1111. 131111111 131111111 111111111111: 5111111111111 111. .1 11.111. 111.1111
111111111'1111'111‘ 1 21' 1'1 .

'1‘1111 1111i1:11.111111—1-‘1111'111 5111111111111111111'11 21111111111 1111-11 T111111I11111, 1111111-
1111: .-1111111111111 1111 'l‘111-1-111111.

“11.1 11111111 11111111111 111111-1111 11111111111111 I11 [11111111 111111 1111211111111 1111111-
1111111 and 111-11111i111 1111-15 11111 111-111:1 I'nr 1'1111 11.1111, 1111111111111, 111111 1111111..

T1111 11111113111111 111111111 11111 11111leth 11} 11111111111111.

Full 111111111111111111 11111111111i111: 1111111111, 11111111, 11111., 111m 1111 1111111111111 111 11111
13111111 [11111111 111 1111:: 111 11111 1111111111 111111111.

1111111 1111111111111 111 13111111 1111111111 “111111111 11111 111 1111111: 11111111 11ml
1 11111, 11111111111111.1111 '1'11111111 in 1111: 111111111. 1-‘111n1 P1111 111-.1111 11111 111111111
1111111111111 111' 11111 11111111111111 P11111111 111-111111.- 111111'111-1 111 7'11 11.111. 1111 1111111111 111
1111111 111-1111111111111. 111111 11111 1111111 11111111111 111 1111111 111111111 31111 11.111.11111
11111111- 11115. F1‘1111111111 111 11111 1111111111111 111 11111 1111111111 111 L11n1111n, 111111111111111,
111111 13111111 1111 11111 1111111.

111111111 1111 1111.111111111111111 111111111 111111 1111- 1311111111111 1111111115 .111111111111111-
111111 11 111111-1111 1111111111111. T111111 11111 1111111 11111111|i11 1111‘ {$1111.11 11111111 r1.111111111111511
1111111 1111 111111111 111 11111 11111111111111 11.11: 1.1. 5111111111111. 5111111111, 111111111111,
1111: 1111111111 11111111 11111 111111 111 11m1111111 111 11111111 11111 11111-111 1111111 1.11 1111111-
1111 1111 11.111. '1‘11111'111111, 11111 1111111111n111 111 111111111111 11111 1111 11111111111 until
111.1 11.1n. 1"1'1111111'.

T1111 11111111111111 1111111; 111111 11111111 11111 1111111111 11. 1111111131, 1-1111111111g 111 11:11
1111111 and 11111111 1111111111111111111111 111111111; 1111:; 11111111111. 11111111111 111111111111
11111 11111111 111111111 Emmi-11111 111111 1111111111 1 11111 111111, in 1111111111111 1111 1.111111 ;
11111111 111111111 11111 11111 1111111111, 11111 111111 1111:.r 1111111111111. 1111111111111 1111111111 in
1111111111. .1111 11111111111 111111111 11111 111:11111111111111111 1.1111 11.111111111111111 111111
11111 11111ni111 11111111 111 g11111 111 11111 111111111. 111111 :11 11111111111111.

GUIDE 111111131 ETHER E00113 REDDMMEHDEI}.

T1111 111111111 1111111111n11d 111 11111 1111111111111. 1111 11111 1111111911111 111 1111 {1111111111
11113111" 11111 1111111i11g 111111111111111, 1111111 11n11'1111j11111 11111111 111 1.1111: 111111
1111111111 in1'111n111111111 111 11 1111111111111 111111.111 111111 1111111111 1111 11:,- 11111111111111;
51111111111111 1111111111111.

1111111111 111111111111i11111 111’ 11111111 111111 11111 31111 11111 1111 111111111 in 111111 111'
1111 1111111111111; 1111111111, 1111.:—

'*1.‘111111‘11. 11111111111111: 11111 11111111 111111 '1111: 1111.11," 11n11 111 11111 1111111
111111111111 11111 1111111 11111111111111 11111111111111 11111111111111. P111111 111. With
F111 111111111.

 

