















































0x154 429.382 DIAGRAM SHOWING TUE

8,133,936 INCREASE IN THE VALUE
24,459,107 OF SOUTHERN MANU-
FACTURED PRODUCTS

,
'15,212.50 1890, 1900, 1905
34,183,509

50,298,270

22,659,179
39,887,575
53,864,394

18,705,834
33,718,517
57,451,445

31,916,651
53,335,8t 1
79,376,161

38,702,125
67,006,512
99,040,675

buck nmu. 5 I 326.6435

mm ffHEfl woo
109,169,921

71,355,266
92,7 < 9,119
137,950,476

Ttnmsgtc

40,375,450
85,274,083
141,520,776

38,363,824
108,644,150
145,856,525

70,433,551
92,594.43:
150,528,380

63,917,010
94,531,365
151,040,155

126,719,857
176,503,660
59753965
57,306,713
1 1 1.39m 19

135,379,919

17l,8 (1,593
21 I £75,143


