1t ] f HI! :1; 11 11111111
111' 11 1111111111111 111-31111111111 111111 111 11111111111111 ] 11111111 i1111111111.1111111'
11111111 11111 11111111 111111111 11111 11111'111'111'11-'11 1111111111 111 11111 1111111111 1111
1-11111111-1111111'111: 11111 111111 11111111111111: 1111111- 1111111 1111.1 1-111'111'11111111115 1'11'11111
11111111111 111-111111111 }: "'1'1'11 11111. 11111111 111-1111111 11111111. 11.1111 1.11111: 1111 111111
111111111 1111 11 1111111. 1111111111111 1111' 111 11111111 111' 11111 111111111111-11111311.
11111111111111 11'1111 1111111111111 111 11111111 1-1111111.11'1_.11111 1111-1 1111111151111111111111
11111111 111111111'11111111 11111111 111111111111 111111111111 1.111 11111111 111111 11111 113
11 1111111 1111111111: 11111111. P11111111 11f 1111111111111. 1111111111" 111 11111111111155.1311 1111111111111 111111111; 1.1.111: 11111 1111- 111111-11
111111111111: 11111 11111111111111111 1111 11111 11111. 1111 11111 11111 1:111 1111111111 ] 1113;:
1111111111; 111' 1111111111111 111 111111 [ 111111 1111111 1111111111 1111111111 1111 111111111111 111111
111-11111111111111 111 1111.1 11111111 1111' 111111 gflr--whn 111111111 1111 f1'1; 1111 11111111 1111111111.
11111111 111111111 11 11111111111110 1r11g11115' 111111 11 151111111 1115111111111. 11' 11111111111
11111 111111 111111111111 [ 11111 11111111 1111 11111111111, 1111111 5111111311 11111111111113 111 111111





