.1114 11 1111111111111 1111111111.

111' 1111 11111'111111111111' 111111111 1111111111 1111111: 11111111 1111111 11111 1111 11111111
1111111; 11 11111111 1111 11111111111111 111 11111 111111 1111.1 1111111111 1111111111111 Th1
:11111111i1111'1111111111r 1111 111111'1111'111111 1.1111111111111111 111111111111'1111 111111 1111-:
I11111111g1111111111 111 11111 1111111 11111111111111 ] 11111111111111 111111 1111111111111.
1111111111111 111111 1111111111111111111111111111111111111g1111111111111111:111111111111111111.

1,1. Tl111 T111111 } 1:11 Ptflh-hetep. 11 11111111 111111 1111111 111111111
1111- 11111 1111111111111, 111 11 1111111 11111111111111 1111111 1111111111111 1111111111.
T1111 1111111111 111 111111 11111111311111 11111 11111111111111 1.111111111111111 11111111 1.111111
111111111 11111111 1111111111 111.1111 111 11111 1111111111 1111 111111111111 111 11111111
11111111111111111111111, 111111 111.111 1111111111 1111111111: 1111111 1111.1 111111.

111. "111 11111 11111111-1111111 11111111 1111111 11111111111111. 111111 1111111.- 111
11111 1111111111111 111'111111, hunting and friihit1g, 11 1111.111
1111111111 111111111 11111 1|17111 111 111111 111111111111111111111 111111 111-1111111111111
111111111 1111.1 1111111111111 111' 1'11. 111' 111111111111; 11111 11111111 }; 1111111 111'
11121111111111, 111111111111 11111 111111 111111 111111 111111 1111111111111 1111111111;
111111 11 111111111 111 1111111111. 11111111 1111111 11111111111111 1.11 111. 111111111
11111111 111 111111111. 1311111111111 111 11111 11111111 111 1111.- 11131111311111:
flI-Fir'fifln. * 11 1111111 111111111 1111111111111 111 11111 1111 111111111111.
11111 11111111 1111111111111111r 111 1111 11111 1111111111111 :11 1111111111111 1111: 1111111111
1111111111; 1111111111111; 111111 11111111111111 111111111111111 111111 1111*11111111111111
1111-1111", 11.1.. 11111 11111111111111 111 1.1111111. 1111111. 1111111 1, 1111111 11.
111111-1111 1111. 11111.

e. The Tenth of Ptab-betep, 11111: 1111- 11111111111111111111 111 .111. 11111111111111
111111 11111 1111111 1111111 11111111111111 111 111111111111. 111111111111111111 111 11111
11111111111111.1111, 111 5111111111111 111 111511 111111 11151. It 1:1 11111 1111111111
1111111111111 1111111111111 1111.- 1311111 111 11111-111111 11111111 1111111: 111 111111
111111111g11111111111 1111111. 11 111 mm 111111 1111111111 1.111111 111111 1111:
111111111111111111 11111111111111111111r 111111111 111 1111: 11111111 11111111111111.1111 111 11111
111111111111111111' 11111 I-'1111111111111 111 311 11111111115, ousd.
1H11t1111111 .1111 1111- 1.1. 23. ]:
1111111111111 11 111111111 1.11 111111111 111111111 1:111111, 111111 11'. 1111111111111 111

1" TI111 11111111311111 31-1" 11'111'111 11115 1111111111 ] 1111' 11111111111 11111-111111 111 1111' 11111111111
1111-11 1111 11111: 1111:11'11111111'111'1 111311111111.r 111111 1'11: 511111 111111 11111 151111111; 11111.1 111111 111111
11111 11111111111111 1.13111 1111 111111111111 1111111: 11111111 11111111 1111111 1111111" 111111 11 111111
11111 111 1111111111111 111 11111 11111-11111. [ Zw-m i.astd-Neirist, Amsterdam, o6tir,

11 11.1





111-1111111111 1111' 1111111111121. .1115

11111111111111111 1111.: 1111111111 111 1111- 111111.111.- 111 111111 1111.1'111; 11111
1111111111 111111111111211111111 11 11.1111111111'1-1--11111111111'111'111111 1111111.

"rue Northern Pyramid 1111 1.111111 111 111111111111 11111111 111111
1111111111111 1111111111. 111 111111111 111 11111111 11111111 111 11111111, 111111 1111 11111111111111
111111 111 11111111 11111111-11111111 11'1111' 1111111111.:1111111:111111111111111111 11111111
1111111111. 11111111 1111111 11111 1111111 111 1111111111111; 111111 1.1111111 111111111, 11

111111113. ant ] 1111111 11 1111111111111 11111111 1111111 11111 11111111111111.1111 1111
11111111111 111111. 1111111. 11111 1111111111111- 111 11 1111 111111 1111111111. 111111 111
11111 111151111111111 11111111 1111111111111 1111 11111111111: 111111111 1111 11111111111
11 11111111' 111111 11.11111111111111 1111111111111 111 11111111111 1111111111. 111 11111:
11111111111111 1111111 11111.; 11111111111111: 111 :1 11111111111111.1111 111111 1111111111 111
Menthu-nesu, 111111 111 111111111111" 111111 1111; 11111111111131.1111 111
Nefert-hent; 11 11111111111111 1.1111111 111111 111111111 111111111 111111 11111111
1111111111111 111 111111111111 11111111. 111111 1111111111111 111 11111 1111 1111' 111111111





