.1114 11 1111111111111 1111111111.

111' 1111 11111'111111111111' 111111111 1111111111 1111111: 11111111 1111111 11111 1111 11111111
1111111; 11 11111111 1111 11111111111111 111 11111 111111 1111.1 1111111111 1111111111111 Th1
:11111111i1111‘1111111111r 1111 111111'1111'111111 1.1111111111111111 111111111111'1111 111111 1111-:
I11111111g1111111111 111 11111 1111111 11111111111111] 11111111111111 111111 1111111111111.
1111111111111 111111 1111111111111111111111111111111111111g1111111111111111:111111111111111111.

1,1. Tl111 T111111} 1:11 Ptﬂh-hetep. 11 11111111 111111 1111111 111111111
1111- 11111 1111111111111, 111 11 1111111 11111111111111 1111111 1111111111111 1111111111.
T1111 1111111111 111 111111 11111111311111 11111 11111111111111 1.111111111111111 11111111 1.111111
111111111 11111111 1111111111 111.1111 111 11111 1111111111 1111 111111111111 111 11111111
11111111111111111111111, 111111 111.111 1111111111 1111111111: 1111111 1111.1 111111.

111. "111 11111 11111111-1111111 11111111 1111111 11111111111111. 111111 1111111.- 111
11111 1111111111111 111 '111111, 1111- 11111 11111111 111 Kaqemnﬂ, 11 1111.111
1111111111 111111111 11111 1|17111 111 111111 111111111111111111111 111111 111-1111111111111
111111111 1111.1 1111111111111 111' 1'11. 111' 111111111111; 11111 11111111}; 1111111 111'
11121111111111, 111111111111 11111 111111 111111 111111 111111 1111111111111 1111111111;
111111 11 111111111 111 1111111111. 11111111 1111111 11111111111111 1.11 111. 111111111
11111111 111 111111111. 1311111111111 111 11111 11111111 111 1111.- 11131111311111:
ﬂI-Fir‘ﬁﬂn.* 11 1111111 111111111 1111111111111 111 11111 1111 111111111111.
11111 11111111 1111111111111111r 111 1111 11111 1111111111111 :11 1111111111111 1111: 1111111111
1111111111; 1111111111111; 111111 11111111111111 111111111111111 111111 1111*11111111111111
1111-1111", 11.1.. 11111 11111111111111 111 1.1111111. 1111111. 1111111 1, 1111111 11.
111111-1111 1111. 11111.

111 Mariﬂtte’s H1111511.—T11111 1111111111. 111111.111 11111111 1111111 111
1111-1 111111 1111h11 111111111111111111, 11111: 1111- 11111111111111111111 111 .111. 11111111111111
111111 11111 1111111 1111111 11111111111111 111 111111111111. 111111111111111111 111 11111
11111111111111.1111, 111 5111111111111 111 111511 111111 11151. It 1:1 11111 1111111111
1111111111111 1111111111111 1111.- 1311111 111 11111-111111 11111111 1111111: 111 111111
111111111g11111111111 1111111. 11 111 mm 111111 1111111111 1.111111 111111 1111:
111111111111111111 11111111111111111111r 111111111 111 1111: 11111111 11111111111111.1111 111 11111
111111111111111111' 11111 I-‘1111111111111 111 311 11111111115, 111111 111 1111111111111: 111
111111111111 111111111: 11111111111111111111. 11 111 111111111111" 11111 111111 11111 1111131111
111111 11111111111111.1111 1111111111111111111 1111111111111 111111 111 111111 111 11111 1111111111
1111111111 11111 11111111111 111111111'11111‘11111, 11111 1111111n1111 111 1*?g1-‘11111111g1 1111111111
111111 11111111 11111 111 11111 1111111111. It 111 111 1111 1111111111 111111 11111 1111111111
11111 1111 111111111111111 1111 1111 11111111111 1.11111 1111 11 11.1111111111111111111'. 111 11
1111111 1111111 111111 11111 11 11111111 1111111.

111. {31111111 111111 11111111111111 {ﬁelwﬂn}.
1H11t1111111 .1111 1111- 1.1. 23.]:
1111111111111 11 111111111 1.11 111111111 111111111 1:111111, 111111 11‘. 1111111111111 111

1" TI111 11111111311111 31-1"11‘111'111 11115 1111111111] 1111' 11111111111 11111-111111 111 1111' 11111111111
1111-11 1111 11111: 1111:11'11111111'111'1 111311111111.r 111111 1'11: 511111 111111 11111 151111111; 11111.1 111111 111111
11111 11111111111111 1.13111 1111 111111111111 1111111: 11111111 11111111 1111111 1111111" 111111 11 111111
11111 111 1111111111111 111 11111 11111-11111. 15111-111111 1".111111'-1'1'111'111111r 11111111111111111. 111111,

11 11.1

 

 

111-1111111111 1111‘ 1111111111121. .1115

11111111111111111 1111.: 1111111111 111 1111- 111111.111.- 111 111111 1111.1'111; 11111
1111111111 111111111111211111111 11 11.1111111111'1-1--11111111111‘111'111111 1111111.

"1'111111- 11111.11 English C-llur111111111'11-

1]11|1=1:11ur1-11111. 111111 1111' 1111111111111111111111} 111111 111111 11.11 1.1111111;
1111.111{111-1111111111T 111111 1111111 111111 11111 111 1111.: 111-51-1'1. 111111 11111111
1111-T11nni1-1 C11urt11 111 1111- 11111111 11111111-

17111111 111-111.111 11111-1111111111; 11111111111111 1111:; 111.1 11111111." 1.11 1111111
11111111 111111 1111111 1111111111 1111.11 111 1111.1 111-1111111111111111111 1111 1111'-
111.1111 11.1111; 111 1111; 1111-2 1.111 1111- 1111111 11111111 1111 111111111111
1111111111111 111' 11111111 1111111 31111111111111 1111111111 11 11111111 11111111 111
111-11111111. 111111 1111- 1111111111 1111111111111 1111111 111 111111111 1111111111111
1111111111 111 11111111 111 1111- 11111111111111 1'1 11111111111], 111'1: 111:1] 11111111
1111111.

1:11. [11111111111111 11f [)11115111'11.

P111111 Pyramids 111 DHIIEhﬂr, 111111 1'11 11111111- 111111 11111 111
11111111. 1111- 1.1; 1111111.: 1111111 1111: 111-1111111111111 111—1-'11‘:11'111. 1111111: 1111111111111
111 111- 1111- 1111111111111 111' 17111111. 1111- 1111111111 111111111 1111111111111 111
111111111 1111 1111-1 1111.111. 111111 1111'- 11111;111 111' 11111111 1111111 111 11111 11111111 111
11111111 11111 1111-1: 111-11111111 11 1111+ 11111-11 111111111111111111111 11111111111111.1111.
1111.1 11111111111 111111111. 111111111111 111 111111111 1131 111111 1111.111, 111111 1111.1
1111111111 111 111111 11111“- 111 1111- 11111111 111 11111 111111 1 11 111 1111111111' 1111111111
1111-. lilunted Pyramid, 1111111111111 1111.1 1111111111 11111111 111 1111 111111111
11111 1111111 111 11111- 1111:1111. 111111 1111- 1'1111111111111111 11:11111 111 1111111111111,
11111 111111111- 111 1111.1 111-11 11111-11; 11111111111111 111111111111 111:1 11.1111 1111.111, 111111
11111 1111111111 111' 11111111 1111111 111 1111.- 11111111 111 111111111 11511 111111; 1111:
11111111111 ‘111 111111111 1511 1111111 1111.111. 111111 1111: 1111111111 111 1.1111111 1111111 111
1111: 1111111: 111 111111111 3.111, 11:111. 1111- 1111111 11111111111111 1111111 1111111111111]
111 3'11. 1111 11111111111.

I'1‘1111 Marthern Pyramid 1111 1.111111 111 111111111111 11111111 111111
1111111111111 1111111111. 111 111111111 111 11111111 11111111 111 11111111, 111111 1111 11111111111111
111111 111 11111111 11111111-11111111 11'1111' 1111111111.:1111111:111111111111111111 11111111
1111111111. 11111111 1111111 11111 1111111 111 1111111111111; 111111 1.1111111 111111111, 11

111111113. 111111111111 11111 1111111111111: 111 1.151111115111111 ”[1 [131 E11“ HULJ

 

1111111 111111111. 11111] 1111111 11 1111111111111 11111111 1111111 11111 11111111111111.1111 1111
11111111111 111111. 1111111. 11111 1111111111111- 111 11 1111 111111 1111111111. 111111 111
11111 111151111111111 11111111 1111111111111 1111 11111111111: 111111111 1111 11111111111
11 11111111‘ 111111 11.11111111111111 1111111111111 111 11111111111 1111111111. 111 11111:
11111111111111 1111111 11111.; 11111111111111: 111 :1 11111111111111.1111 111111 1111111111 111
Menthu-nesu, 111111 111 111111111111" 111111 1111; 11111111111131.1111 111
Nefert-hent; 11 11111111111111 1.1111111 111111 111111111 111111111 111111 11111111
1111111111111 111 111111111111 11111111. 111111 1111111111111 111 11111 1111 1111‘ 111111111

 

