F11 .1111111'11111'1'1IIH111'1'11. 3111111111111 {1111' 111111111.

11,0001'11111111111': 11111111111111 111111 111111 1111: 11111111111 01‘ [11111111111111 11111111-
110111.1111, 111111 1111 111111 11 111111111 11111111 11111111, 111111 111011 11111110 11111111
111110 111 11111111111111 11111111111 1.1111111111101111 111111 1111111111 111111 1111111101111.
.11 111117111111111-1111111111111111111111111111111111111.1111'1'11'1111111111,1111111111111111111‘111'1
1111 11101111111111 11111111111111 31111111111111. 111111 101111111 111' 1111111 11111.10
111111111111 11111011111111 111111 111111111111, 111111111111.- fi1_1111_11 1111111111. 111111111
111-'11 1111111111011 1101111111 1111: 1111111 111‘ 111111.111 11111 171111111: 1111111”
11111111111 11111111111111 11111-111111111111111.111 111 11111 1111111111 111" 1111:1111". 111111
1111.11 11111101 1111101111111 111' 1111111111. 11111111 1111111 11111111111 111‘ 1111:
11111'1111'1-11111111111111“ 11111111111111. 111111111 111111 11.11 1111111111! 111 11111111.
Th0 Arch1011|11gi0111 11111111031 111 Nubia. 111 111-1111111111111.
11,1011, 1111': 11111111111111 11111111111'111111 111' 1111111111 1111111111 11111 111.1 111111-
11114111.1111 111111-111 1110 11111111111 11111111111111 1.11 111111111 111 11111 11111-1 01
”,1 1110111111 11110111. 111111 11111111 11111 1111111111 111111111 11111 1111111111111 :11
111111111111 11. '11. 111111111. {111111 1111111111111111111'111 1111111 111111 111111111-
11111011 111 1111.11.11.11. 111-111111.11, 1111111, 111111 11111111111111111, 111111 11111 1111111111—
1101.10111111 11111111111 1111 111111111111.1'L111111 511111111 111111 ‘1‘1'111111 111111111.
.-111 1111.: 111111111 111' 1110 11.111111111111111111 01' 1111-11111 111-11111111111111 11 111111
11111111111111] 111111 ‘1 111-11.1 1.111 11111 111111111111 111 11111111 111111 1111111111 1111.1
“11111111111 111 11111111101111111111 1111.11 111111111 11111 11111111.) 1.111111 111 13111111101111
”111111 111 111110 11.1.1 111 111111111111 111111111111; 1111111 11111 1111111111111 1111.1~
“ 1111111111111. 1111111111 1111111111111 I110 111101111111 11011111111 1111111111 111' 11111111111
” 1'0111' 1.111111111111111 111 1111.1 111111.11 111111111111. 11111111 111, 1111111_11‘111',:1 111111
H*1'11'1111111111 111111 01 1111111111 111111.111 1111111111111. 111 1111 11111111111'1l1'11'111111'. 11l'
“ 071111111." 111 1111011 11.1 11.111111111111011, 010., 111 111111111 1111111111101,
11011111111, 11111111111, T111111'11111-I1l11111', 1111111111111, ‘1‘1'11111 1111111111, 11211111“
1111111011, 11111111 111-1111111111, 111111111, 1111111111111, 11111111111111, 11111111111111,
11111., 11011: 11.111111111111111. .‘11111 11111 11111111110111111'11 1111111111111 111111
1111111111111 11111 1111111111 13111111 111111 1111111'11111111111 11111111 11111111 111111111 111"
11011111111111.1111 11111111111111111 :1 1111111011111111111111 1111111111111 1101111111111 1111-
11111111: 110111111 1111111 1111.1 11111110111 11111111111111.1111 I11111'11 111 11111 11111111111l
111111. 11111111 1111: 111111111111 111'11111'1111111111 111111111 111111111 10111111111111
1111111011111, 1110 1111111111 1111111101 1111.11 1111111'1111101'111110111111111111110111 111
0111111111, 01111 1111': 111110 1111111111 11111111111111.11 1110 1111111111 111 111111 1111111111
11111 1111111 11101111111111- 1711111111; 1111: 11111111 1111111111110 1111111111 111111 1110
171111 111111111111, 11111 11.111111111111101 1101111111 111 1111111 |1111111 1111111111111 1111111
11101111111111 11111110111111, 111111 1111111111111- 1111111111 111111 1101111011 11101111111111.
117111101 11111. H1111 1111111111111. 1110 1111111111111 1.11111 01.111111 11111111101011
11111101 1110 1111111011111.- 111" 112011111111 11111111111, 111111 0111111111 1111 111111111
111101111111101111, 1011111111011 11111111111 111111 11111111111111- 1111111 1111- 1.'111'1111i1111
P10111111. {11111111110111.1111 11011.: 11112111 010111011 111 111111111111, 11111111111111”,
N1.1gi—1£11|1111, 11111111111111.1l, 111111111 1111110111110. 1111111111111, 111-11111111111111,
1111111211 1111111111, 111111 1111111111, 1111111111511, 1111111111 1111111111, 11'111'1'111111111111,

 

-1111111-111.111.111.11. 1111111111 :11 111111111. 11115

1'11‘101‘111111111111110', l1.1111111111111, 11110111111111111111, 11111111111, 1.11.0. T110
111111111111 111111111011 111111 111111111 111111011 111' 11111 11111111111110 111111111
1111111111111; 11111111111 101 1111: 111.11 111111.- 111 111-11111111, 11111111 111111111
1.11 11.111111111111111 111 [111111111111111111111111111-11111111" 1.1111111111111111 1111111111: 1110
[1111111111 111111111 11.11 11 111111111 1.11" 111111l11‘11l 1.111111111111111 111 111111111.
1111111111 11111 1111111111: 1111111 11111111111111 1.11 1111111111 11111111 11111111111101
111111 1111111111 1111 1111111111, 111111 I11111' 111111111111 N111111111 11111111111
111111 1111111 1111.110. T111": 1111111111}: 111‘1‘1111111112111 1111 KLI11111 111.1“ 1111:
11011111111111 111111111 1111-1 1111117111111 1111111111 1111111 1111111111111111111111111111
1111 11111 1111211111111- 111' 111111111 11011111111111 111 11111111111 11111111111. 11 111111
1111111111 011110111111111 111111 i"1111.1 11111-111111 11111'1111111i011 111‘ 511111111 1.11
“ 11111111111111, 1111111111111! 111 111111111111 11110 111111 1111111111 1111111111111 1111
”11.11111 1‘11111111'10111-11' 111111111111 111111 1111111111 111111111," In 11,101,: 11111
11111111111 01111111011111 11111111 1.1111111110111111 111 H115111111111111, 51111111011111,
1111111111 111111111, 111111111111, 11111., 111111 111 15110 1111111111 11011: 1111111
111111111. 1111111111111 1111011111111 111’ 11111 0111110111 111111111 111 1111:.
111-11111111111111 1111111111 11111 11111111111. 01' 11101111 0.1111111111111111 11111011111
1111.1 11111011 111111 11111111111111, 1111111111.:1‘11111111, 0111, 111 11111 11130111111111“ 1:11
1110 11‘11'1111101111111111111 11111111011 111' 111111111 (11111111111011 1111 11111
1111111111111 [11.110111111101111 111' 11111111 11111 111110 11111111111111 11111111111011.
'1'110 11111111111101111111111 111111011111 11115 11111 11111111 111111 1111111011 11111 1101,
11111 1111-1. 111-11111111111111111 1111‘ 11111 11011111 1.1 1111111151111, 111111 1111 11111111 1101111
111111 11111111 11111 111'11111111111111:111 1111111111 11111110 111111111111 1111111111111 1110111-
1011111 1111111 11111111111111111111 111111 1.11.1 1111111111 111111111 1111111 1110 111111111111
1111111111111 1111111111 111 1111111111, 1111111 111111 111111111111 1111-1111 1111110111 (10111111

Th0 REEturatinn 111 1110 T011111I011 0f Nuhiﬂ.—"1’011
111111111111111111' 11111 1111111101 111' 11111 1111111111 1111111 1111.11 11.1111111111111111011,
1’1111111111111‘ 31111111111111 1'11111111 11111 11111111111111 111 11110 11111111113111
1111111111111111111 111 11111 11111011 111111111 1110 11101101 1111111 111' 11111 1111101"
111 1111111111111 11111111111011111111111 1111111 1111 1110 1111111111111 111111111 1110111
111111111 1111 111.111.1111 [11 11,104 110 1111111111 1111 1110 11111111101 111 1111111111
111111 111111111 111111 11111 11I1‘0111 111' 1110 1111111 111111 1011 11111 1111 11111 131111;
11111011 1110 1111111 1111.11 1111111111 110 1011 11111111111 111111 1111111 111111 8111111111
11011111 110 1111111111111. 11111 0101111111111 .1111 11111 1111111110 1111011 11011111111n
111111 5111111111 111111 1111111111, 111111 11111111 1111 11 1101101110 1111 1110 10111111,
111 10.111111111111111, 111' 11111111 101111111'1,11111:1 111111111 1111 11111111111111 01" 1110
1110111111111 1111.11. H11 01111111 111 11111 00111111111100 1111111 1110 111111111011
1111111111 1111011111 11111111 111' 11111111111, 11' 111111 11111111 111 1111 1110110111011
1111111111 1'11I11111__{ 11111111, 111111 01111111111011 111111 1110 111111111 11111101111011
110011111111111 1111 11111 1111111111011 111' 111111 1111111110], [11111, ‘1’11111’1111111,
'1‘1’11111 1111111111111, 11.111111111111011, 1111111111111, {311111 1111111011, 1310111111111
H111111'111111111 111111 11111 111-1111111, '1‘1’11111 1111111], 11211111111111 1111121
[111111111 1111111111 11111111 '11:,"1111111130. 0111111 11011111 111 H11111111{K0111),

 

