11'1 1111111111 1111111111111.

11:: 1111111111111 111111111111111111. 11‘1-"11 1111 111111111 51111111111111;- 111' 11111
11.11111I‘:11'1111'11I1T 1111.11 ‘11'111‘11. 111111 111 1111.1 1.1111111111111111“- 1‘1-11.1111111H—11'11'11‘1'1
1.111111 11 11111111111 111111' 11111111111—111111111111 111111111 1111-1 1:111111'. 11‘11'112111 1111‘
1111‘1 1111111 11I" 111111 1111 111111111 111' 1111111111-11'111'. 11111 1.11111 1111111111 1111 1111
111311111111 111111 1111111 11 1111111111 1111111111. 1111111111111 111111111111. 11111111;
1111111,"! 11:11:. 111111 111111.111 111111 11111111111119.1111 11111111. 111111 111111 1111 11111
111-1111111111 111'. 111-11.1111 1111111. 1111.11.11 11.1 111111 11111 1111111 11111111111111: 11111111111111.
”1'111 11 111111111111 [11111. 11111.1 ."1I1| 111111 111" 11111 111111. 1 :11111-111111-1.1111111111 11111111
111.11111111111-111 11111111111 1111111111 11.1 51111111111111}; 11111111111111111111. 1111111111111 111
21111. 1.1111111'1-1 111.111.111.11 111111111. 1111 111.1111'11 11.11 11111111 111-.1 11111111111111; 131111111:
1-11'1‘1 1111 111111111 1111-11 111111111111111111111111:1'11'11111'111 11111111141111.1011.111111.1111I1111,
111131111111. 11111. 111111 11111111.. 1'1-11111111111111111. 11111 1'111-1111111111 1.111 1111-1111131-
11111111'. El1111111ﬂ'. 111111‘1. 111.1111311'113—7'111'11. 1’111111'1-‘1 11‘1111111. 1111111111111?
1111111111 111 111111 1111111 111111 111111111111111 111111. 11111 111111111 1 111111 11i111 1:11.11
111111 11111111111111111 1111-1 111111111. 111111 1111111111111 111 1111 11.111111111111111111 11121
111111. 1111 1111111 1111111 11131 1111111111 111 111.11. 111111 .11111 11111.11 11 11111111
111111;, 111111 1111111111111 11111111 11111111 111111111 111 3111111111 111111111. 11111
5111111111 1111 1111111111 1111111 1111 11111 1111115111111111111 11111111 11111111111'1'111111'11111'11111‘1
111111 “21111111111111." 111111 11111111. 111111 1111111 1111r11111 11111111 11111. 11111111111111111111
111 111151 1111111 1.11" 111111 1111111111-}'—11111 1.11111111111- 1111111 111 11111111 [1111 1.1111111
1.1111111 11111111111111; 1111113111 111 11111 1111111'1-1 1111111 11.11 11111 11.11 11111111111111. 111111.
1111111 11111 11111111111151 1.1111111 1115111111 111‘ 1111111115. 1111 111111111111 111111111111.
'1‘111111111111111; 1111-1111 3111111... 11111111111111 1111111111111111111111111111111‘1111111 1111111111.
111. 11. :
111113 111111111111111111111111 111111 1111111111111 11111 :1 1111] 11:111'-11n111111111111 11111

111111. 1111 1111111111 11111. 111111113; 11:11.1 11111111 1111111 11111111. 111111111:

11111 11111 11111121 11111111.. 111 11111111111111-111111 11111111 11111 111111111111111. 111111 11:
{11111111111 1111111111111: -—11' 111111 111111111-1111111—1-11111 11111 5.111111111111111 1111111 1111.111:
11111111111111 11111111111111 111111111111 11111111111111. 111111 1111111111. 111 111111 “11111.1
1171111111 1111' 11111111111 111111. 11111111111 11111 1111111111 1111111111 11111." 111-'11
51111111111111] 11111111—11111111111’ 111111 31111. 11111111111111 11111 11111 1111111111.
11111.1'1111111111111 1111'. 111111111111 11111 1111'. 11113111131: 111111111111 11111 111111 1111111111111
1111111111 11111 1111 111111111 111 11111 111111111111. 11111 1111111] 111111111. 1111 11111111111
11111. 11111 1111111. 111111111111 1.1111 111111111- 111 1111 11111 11111 1:11 11111 1111111111.
11111111111'1111111 111.3151 111111111 1‘1-11111 1111111111111. 111 11111 1111111111111 111 11111.1-
[111111111 111111 11.11 111111111111.11111 1.11 1111111115 1511111111111". 11'; 1111 1111111.
11111111 11 111111r1111‘ E11111 nf 1111111 111111111111111 [1111111 111111 111111113111, 111111

 

 

1'1
“Thulhur til .-

1'1'1'11111 Puff E11111! 11.11 111111111. :11.

111111.11 1111 11111 11111111 111111 1111111111 11111111 111111.11111111111111:1 1111 1111.1 11111111 1111111
111111111 11 11111111 11111111111—[11111.111. '1‘111'11'1'1. 11111.1 1111 11111111112111; 1111' 11111111111.
111111 111111 1111111111 111‘ 1111'111111111111111'1111 111111 1111111111”.-111'11111111111'131'5. 111111
11111 11111111: 111111 111111111 1111111111 111 11111 1111111111. 11111 1111111111. 1.11111 1.1111.-
111111 1111111 11111111 111111111111. 111111 1111111211 1 1111111111 11111111111111115 111' 111111
1.1111111 11111111111111 1111111111 1'1-111111.1- 111' 111111 1111111. 11 1111111111111 111 11111 11111
111111 111111 11111_1.1_'111111.11-1111111 111' 11111 111111-11 1111111 11111 1111111111 111' 11111 1111111.
1.111111 111111 1.1111}: 111151111111111 111111 111111. 1'1111‘111111‘1 11111111111111 111111 11111111111
111 11111 11113;. :11111 11' 11111111 111111111 1111111111311111111 111111 1.111131111111111:- 111 11111“
11111111111. 1111-11 11111_1' 11:111 1111 1'1-111111111 11.1 1111111111. 11111. 1111111111111 111- 111111111
111111111 111111 111111 1.111111. '1'1111 11111111111 111' 11111 1'1 11111111111 “ 111111111 11'1111
1111. 1111 111 :1 11111111-l111111111_1.1 1111111. 11111 111111-1|1_1'11111111111111111 11 1111511
1111" 11111 11111111112111“ 1111111. 21111. 111. 1'11. 111111.111 111111 11111111111111
11111111011111“. 111-11.11.1111. 111111111 1 1111111111. 111111 1111111 1111111111111. 1111111111.
1111111111. 1111111111111. 111111 111 111111111 1111111 1111111111 11111111111111.11111111'115
11.11" 31111. ‘1'1'111. 11111111: 111111}: 111111111 111111 111111111111 11111511 11.111111111111111]
111111 1111111 1111111111111111111. r1*1111‘11 111111 1111 11111111113111 111111111 111. 1.111!
11111.1 111111111111. 111111 11111111 111111 11111.11 11111111111111111 111111111 11111 11111111111111-
111111 11111 11111111111111111 1111111111111. .11. 11111111. 1 1111111111. 1111‘ 11111-111
111.1111111111111111111 1111111 :1 111111111111111—1‘111‘1111111111 111111. 111111 1 11111111111; 1:11
11111.: 11111 1.111111111111111 11111111111111 1_1f 1111;111:1111—1111“ 1111111111111 1111 1.1113
11111111111111; 111111 1111111111111111 1111111111111111 111111 11111111: 111 11111 1’11111, 111111 11111
1111111111—1-11115'111111 111111111111.)- 111" 11111 111111.11. 11111'11'111111111 1.1111 1'111115111111111' 111'
1111-1111. 1'1. 111-1111 111111 1111111111 111111 1111111111111111 1111 11111. 1.1.11 111' 11111111111111.
1 111111111. 111 1111111111111 I1111 1111111112111111111131' 1111111111111 111' 11111 11111151111111.
11111 1 1111111' 1:11 1111 1111' [1. ‘1‘1'1111111111 111111 11111111 11111111111111 1'11111: 5111111

111' 11.11 111111111.

._,..----_-__11-+..1_ _.-._._..._.

111-11:11.1 1111.111“ 1.1.1.111 111 11111-1111.

T1111111111 111 3111'. Unnk‘a

1.1‘1P1T.-‘1L 1.111111111111111 111 11111 11111111.
111111111111111111111111. 1 11111 11111. 11111 11.1 11111 11111111111111 11f 113111;

11111111. 1111 1111111111 11111 [_.‘1111111. 1111111111 1 1111111. 1111 5111111111113“
11111'11111111111 113111 1111 11111111111 111111 15 111 1111111 11111 111 11111111 11111 1113.1

 

