 

 

 

' 13111-— "-”' 1
"H"?- -.-"' ' 'i -_ ' I.

Anti-"'7.- "' -

Gain—rum- 1'11: 11111111111.

11.111131113111131

' h.

 

Dar-1.11.111; .i-L

1111-1111113: I'.|'.

111111111 11111111111111 1'11 11111111111111.5111.

131111111131 11113 111 11111111111111+ 3111111131 3113111111 111. 3 1111111.11g1311l1 111
3 1111111111111 1111111111 I 11111 111131 3 311111] 1111111111111 1113 11111111, 11111 111
1113 11111111 1111111131111, 1111111111 111 T1 31111 31111111 $313113 111111 11111313
31111111111113",111113111111 111111111111 111111111111111 111131. T1111 1111111111 1I1'11‘1
113311 1111111311 111 111111 1111- 111111j1'3 111111, 111111 113111 111111111 1111111111111

1111111 3111-11. 1111113111111311 111111 1111111 11311311111111. The-31' 11113111111311
11111 111 113 311 11311113 111111111 11311111131113. 31111131111311 3311-1331-1131; 11
111113 11311113111311. 31111 31111311111113; 3 31111111: 1111111; 111333311 111111
11311111131311 111111 11111 11111113111311: 31111 11131111 111111111313. 111111131313.
111111111111, 111111 1111111313. 111-1 1731111 1'33 1:11:11]: 111111111111 31: 111311
1111111111113+ 11111 31131 3 1111111 3113 1111113111. 11111111111111.3111, 111111311311 11111
111111 3113111 111111 1111111111 1131 1131111 11311 31113111111111, 31111 3111111311
1131 111111 1111111 111111, 111311111. 11113111111111 11311111313111 1111111 311311113
31111 1111113. 11111111 111 111111111 11‘1", 11111111311111.111'1'11, 31111 1111111 311g11g111g 111
1131 111111111311. 13113 113111113 1.11113 13g1113111111111 31131-1131 31111 1111111111.
31111 1311111111111 113113111111 1.11111 111311 3111111133 111:" 1113 1111131 1113 111'
11. 31311111111113111111 11111113 111 1111:- 11111'11111‘1 111113111

“"3 11111111111 3111111, 111111 11131111111111 1113-1111111 31111111: 111| 11‘11111111.
1113111,r 111511111, 1113 1131.1 111111111113 31111 111113 11111111g11 1113 1111111 31111
113113111. 31111 111111 1113 11111111111 31 1111111 1111313311111,r 11111111. |[1113
1111131 11133 111 11131111111151 11113, 11111 3111-1111111 111 1113 111111, 311151 1131131
113113311 111 111111111111 31'. 1113 11111111111311.11111 111111111 1111311111111; f1111113
11113 11111131 1113 111311113113111111 11111111 11311: 11119113 111E 11111 1111111111311.
1111111311 1331111311 11111111, 1111113 1131111. 31111 111.3 11331113111113111-11111111113
31111 1131111311133: 1113 1111111311, 1111111 111311- 1113111133 11311111311 1311131113-
11111313 11111111 111311 31131111111111. 1111111 1111111111113 111 111113 111311 1111311113
11131113113 11311311113 1.11311 1111.- 11311111- 113111: 11111111111111, 31111 11113
111111111311, 11 31111311 1111. 11:31:. 111113- 111311 1111133 111 1111131 111 1113
131111113 1111 113111 11311311. 11111 11111-11 31111 ﬂ133 313., 311 113111111,
1111313131113. '1‘11113 31-3 113113111131 3 111131111. 31111 331-13131 1111-
1111113111-111111111111 1111111133 111 1113 1111111111 31111313. T113 13-33331-1111111
313 111113—1113 1111113 11111111 13 111111111 11111 11111111131111 111T 1331111131
1'3131111113 11111131: 111311 11313 1113111311 111 1111-11 111113 13g1m3111313.
31111 11313 3 311131131- 31333 111' 1111111l 1 111111111111, 11133 1113 3111111313
11113 33111 31 1113311113111 1111131 133111111113 11111 j11111113y, 11111113551311
11111111 111‘ 1113 11311131131111—11-313 1113311111g 11111, 3311131311 13111 3111113

l1

 

