"

DATES ASSIGNED TO THE EGYPTIAN DYNASTIES BY

Dynasty.

I.
II.
III.
IV.

XVI.
XVII.
XVIII.
XIX.
XX.
XXI.
XXII.
XXIII.
XXIV.
XXV.
XXVI.

XXVII.
XXVIII.

XXIX.
XXX.
XXXL

EGYPTOLOGISTS.

Champollion- Lepsius

Figeac. (in 1858).
B.C. 5,867 3,892
5,615 3,639
5,318 3,338
5,121 3,124
4,673 2,840
4,425 2,744
4,222 2,592
4,147 2,522
4,047 2,674
3,947 2,565
3,762 2,423
3,703 2,380
3,417 2,136
3,004 2,167
2,520 2,101
2,270 1,842
2,082 1,684
1,822 1,591
L473 L443
1,279 1,269
1,101 1,091
97: 961
851 787
762 729
718 716
674 685
524 525
404 525
398 399
377 378

339

240

Brugsch

(in 1877).

4,400
4,133
3,966
3,733
3566

3,3oo
3,100







1,700
1,400
1,200
1,100
966
766
733
700
666
527

399
378
340

M ariette.

5,004
4,751
4,449
4,235
3,95I
3,703
3500
3,500
3,358
3,249
3,064
2,851



2,398
2,214





1,703
1,462
1,288
1,110
980
Sro
721
715
665
527
406
399
378
340


